total_bits: 999889
total_bit_errors_pre: 7105
total_bit_errors_post: 6998
total_frames: 183
total_frame_errors: 180
BER_pre: 7.105789e-03
BER_post: 6.998777e-03
